252

75, 14, 22. 91, 8. -aS 79, 13.
114, 11. 115, 8.

uibrandis 24, 11. -abo 145, 2.
uicarius 43, 22. -1 41, 6. 78,
18. -orum 71, 11. -18 72, 9.
101, 83.

11168 (pro —) 164, 13. ad
uicem 98, 2. 131, 2. uices
53, 13.

uicenos 153, 17.
130, 15.

uicesimam secundam 152, 11.
uicinitate 141, 18.
uicinus 25, 17. 71, 22. >i 119,
14. —ae 6, 16. -O 25, 14. 83,
15. —um 15, 1.
uicissim 53, 11.

111808 146, 12.
uictor 119, 8. -6111 11, 16.
65, 3. -88 30, 6. 120, 5. —ibus
17, 21.

uictoria 50, 13. 59, 14. 73, 16.
111, 1. 120, 10. —ae (— sum-
ma) 65, 17. 93, 21. 96, 9.
104, 3. -am [2‚ 3] 6, 6. 23,

— 1'1m (fleu.)

18. 30, 9. 35, 20. 65, 9. 68,
22. 73, 5. 88, 3. 89, 16. 90,
6. 95, 18. 96, 16, 18. 101,88.
107, 10, 80. 109, 3, 20. 111,
6: 119, 1. [122, 9, 12.] 162, 4.
164, 9. -is 33, 3.

uictus 69, 10. 87, 9. -1'18 132,
14. 133,13. -11m 69, 22. 80,9.
-u 7, 16.

uideab 16, 17. -emus 5, 13.
130, 3. -ent 75, 6. 104, 1.
-6ntes 104, 13. -ere 96, 4.
112, 16. —eh 54, 16. [queris
122, 9.] -derunh 91, 13.

uideantur 5, 8. 12, 12. 25, 5.
78, 15. 87, 6. 188, 18. -eatur
9, 5. 35, 16. 55, 9. 59, 4.
72. 13. 88, 6. 92, 21. 115, 9.
119, 7. 141, 11. 152, 6. 153,
14. 159, 8. —ebabur 33, 14.
45, 12. 85, 1. -ebitur 38, 7.

Index uerborum.

-ebuntur 11, 2. -entur 20,
11. 49, 19. 103, 26. -eretur
24, 2. 53, 18. -eri 22, 6. 33,
16. -etur 8, 5. V. L. 9, 5.
12, 10. 22, 19. 52, 16. 56, 8,
20. 74, 13. 88, 1. 90, 11.

uigentibus 92, 20. uiguit 52,
14. 64, 3.

uigilans 47, 18. 89, 9.
85, 1. -antibus 10, 13.
85, 3. [—aueri‘c 121, 1.]
uigiles 146, 21.
uigiliae 85, 2, 4. —arum 43, 24.
-is 73, 15. 146, 16. -as 53, 9.
56, 11. 85, 6.
uiginti milibus 67, 3. - eh
quod excurrib annorum 39,5.
[111118011ηῄ 122, 10.]
uilius 30, 12.
uimine 15, 9. 138, 4, 10. 139,
uincebah 51, 13. -endi 125, 3.
-endos 69, 21. -ere 59, 23.
-erentur 50, 11. -i 5, 21. -it
87, 10. 109, 15. -itur 113,16.
[122, 1, 14.] 161, 10. -untur
71, 2. 101, 13. uicere 16, 10.
-ceranb 101, 12. -cerih 118,
17. uicit 36, 16. 136, 3. uic-
tus fuerifi 109, 8. 11. fuisset
151, 15. -i 111, 15. -os 93, 4.
119, 14.
uinctus 81, 9.
uindicandum 150, 14. -are 6, 3.
119, 1. >ari 72, 20. -atur 27,
6. -e'fi 90, 18.
uineae 137, 6. -as
137, 20.
uini 70, 15. 133, 4. -o 69, 88.
1110181153, 136, 11.
uiolentior 80, 12.
uirdiariis 133, 7.
uiri 52, 17. -18 12, 6. [34, 6.]
86, 17. 135, 4. -OS 39, 10.
40, 7. 43,18. 64,11. [122, 5.]
147, 7. -um 15, 17.

-anbes
-are

61, 5.

