Index uerborum.

-is 45, 22.
23. -OS 88, 17.

tributa 69, 16.

tricenos 139, 12.

trifariam 159, 4.

trigona 25, 24. 82, 21. -o
24, 4.

trigonum (subst.) 28, 2.

triplex 26, 9.

tripudiantes 57, 17.

tritico (in —) 17, 8.

triumphans 65, 5.

triumphus 73, 17. -is 33, 3.

trochleis 141, 14. 142, 18.

trucidantur 23, 6. 111, 14.

tu 104, 2. 107, 11. 108, 19.
tibi 69, 10. 102, 16. 103, 24.
108, 1. [120, 13, 14.] te 95,
9. 102, 22. 107, 16. 108, 15.
110, 16. 112, 9, 14. [120, 16.
123, 19.] tecum 124, 2.

tua 33, 4. 52, 15. (pl.) 97, 22.
108,17. 110, 5. 164, 5. -5
[120, 18.] 124, 18. 128, 16.
-ae 125, 5. 128, 15. -am 102,
12.107,12,14.108,13.109,
21. -1 104,17. 105,2. 107,
20. 109,24. 112, 8. 129,2.
-as 109, 2 -iS 96,16,17.
103, 25. 107, 20. -ο 103, 24.
108, 6. 110, 14. -um 96, 4.
108, 3. 110, 12. [123, 18.]

tuba 73, 22. -Ξι 41, 16. -am
73, 21. —arum 89, 2. 136, 16.

tubicen 56, 1. -ine 56, 13 bis.
85, 4. -ines 41, 16. 55, 24
50, 4, 6.

ssubum 140, 18.

tusae 74, 5.

tuguriola V. L. 146, 20.

‘cum 87, 16.

tumultuaria (— fossa) 26, 13.
(—- castella) 85, 20. -o (-—-
opere) 80, 23. (opere —) 83,
12. (—— opere) 145, 20.

tumultus 77, 14. -um 71, 3.

72, 9. 84,15. 101,

249

-u 21, 4. 46, 15. 51, 16. 72,
6. -08 pl. 73, 7. 106, 3. 9οη.
150, 10.
tunc 7, 18, 23. 9, 17. 26, 15.
27, 1, 21. 30, 9. 49, 14. 53,
15. 67, 5. 70, 11. 81, 16. 83,
12. 84, 3, 18. 91, 3. 94, 17.
95, 14. 104, 12. 107, 11.
108, 10. 110, 14. 114, 6.
120, 3. 136, 16. 143, 9. 145,
22. 146, 4. 148, 6. 149, 10.
163, 19.
turba 37, 4. -ῑ 74, 15.
turbabis 102, 11. -anda 101,
9. -anbur 70, 7. ·are 104, 4.
159, 13. —arentur 78, 1. -aret
51, 10. -ari 46, 11. -atur
75, 9. -enb 98, 3. -eris 106,
9. -015 9, 8. -ata 107, 9. -ato
58, 18.
turbinum 154, 10.
turbulenti 72, 10.
turma 47, 10, 11.
-as 28, 16
turmales 48, 5.
turricula. 141, 14. -am 141, 13.
-is 148, 10.
turris 139, 18. 140, 2. (-
amb.) 141, 19. 142, 1. -em
139, 23. 141, 11. 143, 1. -e
V. L. 143, 1. -i 143, 1, 3.
—es 45, 6. (— ambulatorias)
61, 6. 130, 9. 133, 21. 134,
12137, 0. (- amb.) 139, 2,

-ae 48, 2.

8, 15. 146, 4, 11. 162, 21.
-ium 141, 20. 149, 9. -ibus
74,19.1⁷18,3.135,16.139,
6. 142, 6. 146, 20. 147, 2.
162, 8.’

turritam 141, 1.

tutantur 165, 8. -tatur 154,14.
tutela 90, 8. -ῑι 150,16.
tutioribus 96, 4.

tutissima V. LzL 1u30, 2. a-s 70,
2. -Ο 130, 76, 9. V.
L. 130, 2.'

