 

 

 

 

 

Index uerborum.

(—- in quibus) 111, 3. (- qui)
113, 7. 128, 10. 139,16. 144,
5. 152, 12, 18. 153, 4. 165,
10. hos 20, 4, 7, 19. 49, 16.
86, 4. 93, 4. V. L. 95,1.
116, 17. has 99, 2. 153, 18.
165, 3.

hiemalis 158, 1.

hieme 20, 18. 68, 2. 70, 14.
80,1. 82,14. 83,15. -is58,15.

hinc 12, 1. (-- inde) 26, 18.
104, 1.

Hispanias 150, 19.

Hispaniensis 93, 3.

Hispanos 5, 18.

historicos 5, 3.

historiis 12, 20. [148, 13.]

hodieque 36, 18. 9o, 2. 115, 6.
hominem 18, 4. -es 29, 19. 42,
17. 43, 1, 3, 4. 54, 8. 55, 4.
60, 5. 86520. 91,13. 116, 16.
141, 2. 142, 9. -i 24, 2. —ibus
6, 15. 10, 6. 29, 8. 144, 1,12.
162, 9. -um 10, 8. 48,14. 79,
19. 85, 11. 95,17. 100, 7.
128, 8. 136, 16. 144, 18.

honestas 11, 15. -ate 45, 21.

honestiores 12, 2.

honestum 55, 18.

honor 43, 6.

honorassis 75, 20.

hordeum 17, 8.

hor-5 79, 15. 97, 4. -aruin 86,
8. -ris 13, 19, 20. 85, 3, 4.
147, 14. 161, 3, 12.
horreorum 70, 8.

horror 103, 22. -ore 116, 16.
hortari 103, 5.

hortorum 133, 7.

hospitia 42, 2.

11081163111111 163, 4.

11081111 139,10.

hostis passim. [(9671.) 123, 2]
-1 113,14. [121,6.124'7.]
-em 14, 2. 18, 20. 57,10. 75,
6. 96, 4. 97, 7. 102, ’7. 107,

201

4,6.,.1Ο91-614,21.25,.14
83, 15. 96, 4. 107, 21. 110,
15. 114, 8. hostes, -ium, -ibus
passim.

huiusmodi 91,12.

humana 129, 5. 159, 2. -a 73,
14 128, 17'. -ae 119,13. (ρῑ.)’
120, 8. -i 33,11. 54, 15 —0
38, 20. 55, 6.

Hurinorum 22, 1. 124, 19.

Ι.
Ι lite. 110, 5.
iaciat 9, 9. ’6113111 50, 2. 6·11-
da 133, 22. -endas 71,17.

-endos 19, 5. ’11111 49, 8. 98,
21. untur 145, 2. iactis 99, 4.
iactand0s 71, 17. —antur 138,
17. a—re 18,4. 58,12. 16111
1361113. 18, 3. 162, 17. ’186Ο, 1.
iaculandi 18, 7. -do 89, 6. —-an
1111 60, 6. 3.-1111 144, 4. 149,1Ο.
-entur 148, 3.-61111·47, 16.
iaculatores 142, 8. -ibus 18,
20. 98, 6.
Iadertixiae 151, 18.
iam 8,16,13,21. 20,17. 24‚7.
25, 6. 56. 14, 22. 59,18. 104,
6. 106, 1. 119, 16. 137, 4.
150, 7. 153, 5. iam uero 6,8
7. 79,17.
Ianuarias 153,1.
iapyx 156, 1.
ibi 105, 6. 107, 14. 109, 22.
110, 18, 19. 111, 18. 113, 16.
135, 20. 145, 10. 162, 19
ibidem 54, 6. 114, 9.
101118 24, 12. -sis (pl.) 57, 17.
130, 7. 162, 14. -119,9. 18, 6.
19, 14. 103, 22. -um 20,13.
49,10.118‚11.135,17. 148,
9. —ibus 9,1.0

