212

Μ

Macedones 29, 12. 35, 9. -as
64, 1.

Macedoniam 150, 21.
macellarios 11, 4.

maceratur 87, 14.

machina 138, 1. 141, 5, 13.
142, 6. 143, 8. -a 140, 1. -ae
(pl.) 139, 6. (dat.) 141,17.
(qen.) 144, 16. (pl.) 149, 3.
-am 141, 5. —as 45, 5. 130, 11.
133, 16. 134, 9. 138, 18. 148,
7. 162, 7. -is 134, 9. 135, 5.
141, 3. 147, 21.
machinamentum 137, 18. 140,
11. 141, 9. -a 118,14. 134,2.
135, 9. 139, 8. 144, 12.
mactarent 118, 3.

maculosus 160, 10.

madere 93, 6.

magis passim. [= potissimum
136, 17.]

magistri 162, 3. -is (— armo-
rum) 64, 9 et 66, 1. 118, 7.
-os (— militum) 43, 18. (—
armorum) 64, 9.

Magni 14, 13.

magnitudo 36, 15. 139, 17. 160,
11. -inis 134, 8. 150, 9. -inem
53, 3. 153, 10. -ine 116, 15.
144, 6. 149, 4.

magno opere (V. L. magno—
pere) 10, 18.

magnus 37, 5. 43, 6. -a [121,
12. 124, 7.] 135, 10. -a 12, 6.
161, 8. -36 43, 6. 67, 2. -3111
96, 9. -is 12, 5. 118, 13. 139,
6. 156, 4.-uiribus 9, 9. 18,
5. 47, 15. 108, 4. -0 145, 13.
—um (nihil —) 87,15. 107, 3.
116, 6.

Maias 158, 9. .
maiestate 84, 14. -em 38, 19.
-i (uestrae) 33, 8. -is (tuae) 37,
20 et 150, 4. (uestrae) 129, 10.

Index uerborum.

maior 18, 11. 25, 21. 34, 17.
40, 14. (tribunus —) 40, 20.
(6011166-κ) 67, 4. 84, 1. 94, 1.
111, 17. 113, 9. 143, 15. 146,
19.158,11.161,17. -0re 14, 1.
53,’8. 55, 13. 83, 15. 96, 13.
136, 13. -orem 68, 10. 86,19.
128, 12. 153, 6. -0res 49, 5.
60, 5. 66, 13. 80, 2. 118, 8.
140, 13. 153, 12. -0ra 117,15.
118, 13. 133, 22. 144, 5.
153, 16. -oribus 85, 19. 153,16.
162, 21. -us 49, 8. 57, 11.
94, 2. 112, 4. 119,18. 152, 2.

Maior 37, 10.

maiores 17, 5.
72, 19.

111313 97, 9. —ae 68, 6.

male 68, 10. 92, 1.

malis 150, 1.

Mallius 147, 7. -ii 93, 12.

malleoli 140, 15. -os 140, 13.

malo 164, 11.
maluerun‘c 135, 5.

mancipare 76, 1.

maneus 108, 7. -3 103, 15.,

mandabantur 52, 17. mandan—
dum 11, 10. -are (litt.) 4, 2.
-auerunt (litt.) 29, 5.

mandatis 33, 14.

1²82OE 15, 13. 52, 10. 56, 23.
, 10.

manendum est 82, 2, 16. -ti-
bus 94, 13. 112, 19. man-
surum 92, 9.

manibus 19, 5. 47, 8. 59, 12.

77, 16. 133, 22. 148, 18. -u
22, 17. 58, 11. 71, 18. 74, 9.
98, 22. 99, 4. 117,10. 128,18.
129, 16. 130, 1. —u ad manum
24, 13. 116, 3. 162, 16. -um
(priusquam ad — potuerit
perueniri) 20, 13. (— conser-
ssurus) 96, 10. 117, 3. (ad —
habeant) 148, 2. -fis (iungen-
(136 sunt —) 163, 17.

-orum 33, 1.

