216

moriturum 111, 10. und12512.
mortalis 16, 13.
mortem 8, 6. 39, 5. 144, 9.
—es 23, 4 ·is 7, 2.
163, 7
mos (fuit e. inf.) 4,1 et 94, 4
-1is est cum aee. cum inf. 39,
20. 51, 19. 84, 3. -rem (ad—)
45,14 -le 25,12.(=m0d0)
33, 15. (—ut)54, 15. 72, 19.
74,9.101,14.111‚14.137,
15. 138, 12. 144, 5. 149, 1.
161, 5. ex more 36, 22. 79,
17.10,1 3. —res 96, 6. -ribus
11,14, r—um 45, 21.

motibus 95, 8. -11 161,
moueantur 95,17. -at’ 52, 13.
—atur 139, 17. -enda sunt, 56,
5. -entur 5,6 14. -eri 142, 5.
—eb 71, 3. —e’tur 41,1Ο. mota
(pl.)56,14. —a 74,10.
1111111 60, 3. -is 118,10.
multi 23, 23. V L. 25, 12.
92, 9. 114, 7. -a 73, 3. V. L.
74, 7. [134, 11] 132, 7 162,
5. —arum 158, 8. -is 10, 7.
66,17.89,11.119,10.[123,
20.]136,1.140,8.159,15.
-o die 71, 19. -os 25, 8.
66,17.
mustum (uirium) 94, 20. (prae-
cesserint) 78, 20.

multitudo [2, 1] 6, . 9, 17.
12, 16. 25, 21. 28, 6. 65, 20.
66, 6. 67, 5, 13. 68, 72,

16. 73,7. 100,11. 105, 6.
111,17.113‚1⁷5. [122,3.]
131,17. —inis 57,14. —i 66,
16. -em 5, 16. 36,14. 93‚14.
144, 17. -622, 10. 51, 4. 66, 5.
104,18.107,1,9.111,7.
[122,15.]145’,1’1
multifariam 80, 20.

multiplex 71, 10.

mundi 13, 3. 150, 18. 161, 1.

munera 37, 6. 42, 10. 54, 3.

-ium

Index uei borum.

82, 7. 843 17. —um (1111115211-
um -—) 53, 7. ·

muniat 36,12. -atur 77, 12.
-ebatur 22, 3. -enda 25, 21.

—endam 111, 12. —endas 72,
14. -endi sint 22,17. -ire
26, 16, 24. 27, 9. —irentur 23,
12. -iret 52, 5. —iri 83, 4. 1-1,
109,17.-111111·, 27, 5. -untur

42, 9. 129,15.

munifices 42, 9. 54, 2.
munimenta 25,11. -is 23, 2.
munimina. 115,1Ο.135,12.
148, 21. -e 140, 20.

munitio 26, 9 85,19.119,15.
-one 79,19 82, 5. 138,2, 14
-onem 24, 21. 110, 13.

munitissimam 52, 2. -is 69,14.

munitus 46,1. —a 135, 14. -i
23, 12. 86, 21. 98, 1. 117, 6.
162,11.-0 24,19⁷. -is 99, 8.
—os 19,16.

murata (ciuitas —) 82, 4. (ca-
stella —) 85,18.-an1 ciuita-
tem 25, 4.
murus 23, 7. 26,11 51, 7.
130, 13 [120] 131, 9. 135, ’11.
145, 3, 5. -184, 5. 98,2.130,
6. 131, 3. (pls) 133, 21. 1410,
4, 18, 22. 145, 20. 149, 7.
130, '1[,.17] 1’37,1·2. 144,18O
145,24.163,1.-um130,10
131,18.135,157138,17.139,
3, 18, 23. 140, ,141, 4 142,
14, 18. 143, 3, 10. 144, 17.
-orum 70, 5. 129, 7. 138, 8.
140, 6 141, 20. 145, 18. 146,
16. 149, 8, 10. ·is45,15. 134,
11. 138, 13. 141, 13. 142, 5, 9.
145,2.146,20. 147, 22. 162,
8. -OS 132, 15. 136, 14. 137,
14. 139, 15, 21. 140,2. 146,
3,11,18.149,3.15Ο,1.
musonii 137, 6. 139, 4. -os 61,
5.138‚18.
musculosis 10,14.

