Index uerborum.

inuiae 80, 1.
inuicem (sibi —) 27, 14. 72, 2.
‘162,17.·
15.
inuictus 37, 10. —i (imper. -—)
52, 7. -am 38,10. -um (-— ar-
mis.) 15, 16. -8 (imp. —) 5,
8 et 29, 4 et 33, 5 et 64, 16
et 124, 15 et 150, 4. —ae 130, 5.
inuidia (—— sanguinis) 19, 13.
inuit-,are 80, 7. -tat 93‚20. ·etu1·
112, 11.

musti 25, 12. 111, 14.
inundari 25, 19. 82, 16.
inundatione 131, 16.
inuoluta 5, 4.
inutilem 165, 1.
Ionio 151, 5.
Ionianos 20, 7.
ipse 12, 20. 16, 8. 33, 13. 44, 7.
45, 2. 77, 1. 86, 19. 87, 20.
88, 6, 20. 91, 11. 96, 2. 103,
11,12. 114,16. [122, 11. 124,
1.] 132, 12. -5 28, 2. (pl.)
36, 2. 36, 16. (et —-) 40, 7
et 9. 66, 15. (pl.) 87, 5. 92,
5. 147, 20. 152, 15. -ἱῖ, 28, 8.
35, 1. (- quoque) 40, 3. 56,
16. 57, 12. 75, 4. 95, 5. 164,
2. —ius 13, 3. 38, 8. 43, 22.
44, 1, 12. 55, 1. 68, 9, 24.
86, 20. 90, 11. 99, 14. 105, 3.
109, 15. 116, 16. 132, 5. 137,
13.149,12.152,17.158,8.
-ἓιῖῠ 33, 6.108, 11. 164, 15.
—um 29,15.96,9.101,15.
103, 7.(770711) 160, 11. -o[<eb
—)10,1.]14,9.'[21,12],27
221 57,' 9. [111,21.] -i 22,16.
35, 2. 46‚3. 51,18. (etiam —>
69, 20. 71, 14. 81, 2. 89, 1.
98, 14. 100, 4. 119, 5. -ae 47,
4. —arum 139, 14. -is (dat.)
54, 6, 10. 72, 13. 132, 15.

207

155, 4. -is (abl.) 14, 22. 74, 8.
78, 5. 93, 7. 118, 3. 180, 9.
144, 18. 145, 18. 146, 20. -os
15, 5. 18, 10. 27, 2. 29, 11.
48, 12. 58, 2. 80, 13. 87, 3.
98, 16. 120, 5. 148, 7.

ira 95, 16.

irasci 71, 4.

ire (ac redire) 28, 14. eunti-
bus 79, 23. ituri sunt 114, 8.
is 27, 22. 45, 1. 73, 18. Θέἱ
(sing.) 77, 10. 131, 1. 85.
55,13.58,10.119,11.132,
3. 149, 4. ea (pl.) 6,14.
13, 4. 86, 1. id 79, 16. [120,
15.]163,12. id 6⁷81: 42,16.
43,.3 48,(3. 54,.1 151,.8
152, 20. [153,1.] 155, 5, 6, 8,
10, 11. 156, 3. 157, 2, 3.
eius 43, 23. 44, 4, 14. 74,13.
84, 15. 86, 8. 87, 20. 144, 1.
ei (dat.) 35, 1. 47, 19. 68,
21. 108, 10. 150, 13. 165, 7.
eam 64, 12. 103, 9. 107,
13. 108, 16. 141, 17. 148,10.
eum 39, 2. 82‚19. 122‚9. 140,
1. 143, 1. eo (modo) 7, 21 et
15, 13. 18, 6. (— amplius) 38,
15. 82, 11. 95, 5. 96, 24. 97,
3. 106,12. 109,1. 143,6. 147,
16. ab 8ο quod 34, 8. 41, 13,
15. 47, 8. 54, 2. 137, 13.
earum 117, 7. 131,15. 154, 3.
eorum 7, 21. 12, 14. 24, 14.
35, 7. 41, 6, 11. 51, 4. 53,13.
54, 12. 56, 3. 84, 14. 92, 15.
101, 2. 108, 7. 117, 9. 138,
13. 145, 19.
(dat.) 17, 8.
151, 4. eos 10, 5. 20, 8.
27, 6. 29, 16. 35, 19. 51, 5.
56,17. 72, 11. 76,1. 91,
18. 93, 10. 117, 18. 155, 3.

162, 2. eis
eas 118, 12.

160, 16.
ista (pl.) 5, 8. 12, 23. 25, 10.
73, 19. 80, 4. 161, 12. (Βίης.)

