254

5, 12, 13, 14 bis. 65, 5. 108,
18. 116, 8. [123, 9.] 143, 7.
149, 7.

uocabant 23, 27. 49, 10. 97,
12,14. -abantnr 20, 4. 23,
14. 24,4.,.493 56³4· 53,
21. -abatur 35, 2. 47, 7. -anb
passim. -ante 56,13. -antur
34, 9, 11. 43, 11⁷. 46, 17. 85,
8. 139, 3. -at 56,1. -atur137,
11. -auerunh 132, 3.

uocabulum 35, 7. 137, 17. —0
85, 21. 159, 7. -a73,19. 154,
16. 155, 1.

nonalia 73, 12 bis, 14
uoce 73, 7, 14.
uociferari 103, 21.

uolubiles 134, 5. -i 134, 1.
139, 17.

uoluntas 25, 13.

uoluptas 9, 13. -atis 133, 8.

-atibus V. L. 7, 24.

uotis 52, 8.

urbanos 7, 14.

urbe condita 22, 3. -em (con-
ditam) 7, 22. 145, 15. [148,
13.] -bes 34, 15. 45, 16. 70,
17. 72, 13. 128, 17. 129, 15.
130, 8. 131, 11. 149, 16. -bi
141, 8. -bibus 7, 6. 70, 7.
-bis 135, 10. 140, 4. 143, 3.
150, 17. -bium 22,11. 74, 19.
90, 8. 128, 9. 158, 8.
Vrcssliani 115, 5.

urguendi (-— 113) 70, 3. -enti-
bus 160, 9. -enbur 163, 13.
-ere 102, 12. 103, 8. [124, 7.]
uris 73, 23.
ursinis 50, 15.

[usitata 122, 10.]
usque ad 20, 16. 21, 6. 22, 3,
11. 23, 26. 29,13. 43,13.
71, 20. [1:30, 20.] 152, 11.-
adeo 8, 3. 58, 14. -— eo 20,
5. 23, 9. 45,13. 64, 6. 75,16.
— in 153,1. 157, 3, 6. 158, 2, 9.

Index uerborum.

usurpato 151, 17.

usus 14, 3. 15, 14. 16, 23. 18,
8. 21, 9. 23, 1. (—— armorum)
35, 19. 48, 16. 53, 5. 58, 12.
59, 3. 73, 1, 9. 74, 13. 92,
22. 94, 3. 144,10. 147,1.
149, 18. 152,16. 159,15. 160,
16. 165, 10. -111 133, 6. -um
7, 18. 9, 1. 12, 18. 14, 17.
19, 6. 20, 16. 27, 7. 30, 10.
59, 7, 13. 64, 10. -u 5, 15.
V. L. 9, 1. 11, 20. 17,17.
33, 12. 46, 6. 57, 9. 64, 14.
73, 19,,37, 22. 89, 17. 92,19.
(quae ex usu 311113) 96, 7. 98,
1. 134, 12. 138, 21.

113 absque uerbo finito 66, 18.
163, 20.

113 cum indic. V. L. 37, 2. 55,
2. 61, 5. 71, 14. (— puta)
71, 14. (cum fut. ex.) 78, 10.
80, 3. 91, 2. 98, 17. 116, 6.
149, 18. 150, 6. (eumfucssx.)
153, 3 et 4.

ut cum coni. passim,· uide con-
suetudo, custodiendum, ex-
pedit, obseruandum, praeei—
piendum, sequifiur, hoc, illud
ete. ef. 11, 6. 81, 4. 105, 1.
146, 11. 113 ne 53, 11. 11311011
= 116 59, 3.

1133113111· 7, 17. —ar 40, 18. -atur
68, 6. 164, 5. —ebantur 20, 3.
35, 12. -ebafaur 24, 3. -eren-
tur 24, 1. -i 48, 5. -13111 74,
10. —untur 24, 8. 34, 10. 109,
18. 511113 usi 136, 5. —sos
16, 18.

utcumque 17, 3.

utensilium 26, 22.

utile 73, 10. 79, 20. 108, 24.
[120, 16.] (— est, 113) 164, 5.
-es 12, 14. 76, 2. 134, 13.

utilior 7, 6. 82, 11. 96, 11.
-ores 87, 4. —us 10, 19. 67,

