Index uerb'orum.

aliquanta. 159, 1. 160, 12 bis.
-ae 115, 4. -i (plur.) 74, 19.
85, 22. 87, 17 bis. 112, 20.
144, 14. -ο 118, 8. 152, 6.
-os 36, 23. 37, 1.
aliquis 92,8. in neq. enum. 30, 3
(adi.) 19, 18. z'nneq. en. 57,13.
84, 10. —qui (sinq.) 106, 11.-quid
11, 2. 24, 2. 33, 12. 72, 12.
74, 9. 88, 7. 96, 5. in neq.
emunt. 4, 3. [120, 15.] -ouius
(in 22. en.) 84, 7 et 150, 10.
-cui (in n. en.) 53, 12. —qufi
14, 7. qua 112, 10. 148, 5.
sine — 82, 5. 100, 9. —quam
28, 14. 54, 20. 102, 12. 132, 5.
—quas (in oley. en.) 76, 21.
-quaem 72, 1. -quorum V. L.
158, 13. -quibus 89, 4. in 22.
eu. 53, 16. [124, 9.] -quo 25,
10. 78, 9 (si —) 119, 9. -quod
41, 9. 43, 25. 56, 4. 56, 12
123, 10. -quos (i‘n wey. en.)
106, 2.
aliquot 88, 13.
aliquotiens 87, 8.
anter 13, 15. 14, 15. 19, 2,
69, 2. 74, 18. 85, 16. 147,13.
alius 35, 19. 145, 5. -5 26, 22.
35, 19. 37, 5. 73, 17. 74, 7.
102, 14, 15. 106, 3. 114, 3.
135, 9. 136, 6. 143, 5. 145,
21. 162, 15. -ῑι 5,13. 110,16.
-36 64,12 -am 108, 14 141,
12. —as 40,15. 55,13 134, 9.
-i 12, 24. 36, 23. 37, 15.
(al.—al.)85, 10. 92,18. (31.
contla alios) 101, 11. 117, 8.
144, 17. (aL—al.) 163, 4, 5.
-is 17, 16. 70, 7. (31- al.)
78, 15, 16. 93, 3. 104,10.
128, 13. 146, 6. -ο 143, 10,
—orum 158, 13 -os 45, 2. 49, 6.
101, 12. (aL—al.) 101, 24.
102, 1. aliud 34, 11, 14. 49, 13.
71,13.[111,22.]143,7.145‚8.

171

alter 67, 8. 82, 11. 105, 16.
[-am 132, 10. u. V. L.]
altior 25, 18. 80, 19. 96, 14.
141, 15. 160, 16. -ra 79, 8.
146, 4. -rem 140, 7. 141, 7.
-ri (abl.) 33, 5. -ius 161, 18,
altissimae 131, 12.
altitudo 14, 7. 134, 11. 149,
8, 14. -ims 135, 12. 139, 12.
-inem 141,20.149,5‚13.161,6.
-ine 131, 16. 139, 15. 140, 7.
altrinsecus 76,15.
altus 26, 12. 83, 9. -ἧ 26,14,
16, 20. 83, 13. 1,38 1. -0164,
5. ex alto 140, 4. [148, 15.]
in altum 26, 19.
alueos 61,1. 136,6. 163, 4.
alueus 80, 13. -081,12. 115,2.
ambiguitas 161, 7.
ambitio 36, 20.
ambitum 26, 15. 130, 6.
ambo 67, 8. -as 109, 2.
Ambronum 93, 15.
ambulante 78, 10. ›tes 80, 9.
—tibus 77, 6. -lare 13, 16. 59,
1. -1at 85, 17. -latum 28, 11.
ambulatoria (turris ——) 141, 19.
-36 (turres —) 139, 2. —as
(—turres> 61, 6.
amittit 94, 21. 104, 6,
165, 7. -8818 30, 9.
amnes 80, 21.
amore 129, 1.
ampla 139,'17.
amplificatione 128, 14. ,
amplior 9, 17. 35, 8. 59, 15.
66, 6. 67, 13. 69, 15. 105, 4.
113, 10. 144, 4. -iora 162,14.
amplins 6, 16. 35, 14. 38, 2,
15. 59, 7.μ 65, 18. 77, 14.
78, 2, 6, 79, 18. 85, 2. 95,3.
100, 12. 109, 11. 120, 4[121,
6, 10, 12. 122, 3, 4.] 131, 5.
151, 2. 152, 7. 165, 9.
an uide utrum. 79, 21. 87, 21,
22.

-serit

