246

T.

tabernacula 44, 11. 84, 16.

tabulas 163, 5. -is V. L. 141,

tabulata 134, 7. [153, 9.] -is
60, 17. 80, 22. 81, 6. 137, 8.
138, 3. 139, 9. 141, 6, 12.
143, 8. 145, 23. 163, 1.
taetica 12, 25.

tacticos 64, 9.

taedio 87, 17.

taleas 134, 5.

talis 82, 10. 107, 10. 108, 20.
114, 1. [120, 12.] -ve 113, 12.
141, 21. -em 95, 12. 141,
11. -i 130, 10. -es 12, 4.
-ibus 49, 16.

taliter 9, 12.

tamdiu —— quamdiu 81, 18.
tam 11, 11. 21, 5. 25, 1 bis.
118, 16. 139, 17. tam —
quam 28, 11. 48, 14. 60, 18.
(— etiam) 65‚19. 79,10. 103,
4. 108, 3.

tamen passim.

tamquam 12, 23. 15, 20. 18,3.
23, 16. 34, 2. 36, 4. 38, 22.
41, 1, 5. 42, 14. 43, 22. 51,
6. 89, 9. 99, 5. 162,8. 163,1.
165, 6.

tangerent 58, 7.

tanta 20, 20. 38, 3, 4. (pl.)
43, 8. 45, 23. 57, 14. 139,
14. 145, 3. (Ἠλῖ-101) 163, 8.

-st 72, 14. 142, 12. —ae 90,
6. -arum 22, 11. -as 65, 8.
-i 33, 13. 151, 15. -1s 57,

12. -0 12, 9. 142, 4. -um
139, 10.
tantum 28, 16. 36, 16. 54, 8.
(—est ut) 111, 2. 129, 4. uide
in. —O 4, 12. 60, 6. 66, 14.
94,1. 96,11. 111,17.143,15.
144, 5. 148,19. 150‚1. 152,1.
161, 17.
tantum (adu.) 8, 2. 12, 22.

Index uerborum.

58, 9. 136, 4. 152, 13, 18.
155, 8.

tardior 66, 7.

tardius 35, 20. 67, 20. 78, 16.
Taurus 157, 10.

tectum 138, 2. -0 20, 18. 58,
18. 68, 15. -is 136, 3. 146, 5.
tegendae 131, 4. -erentur 58,
16. tectas 50, 15. —to 16, 16.
tegminum 162, 10.

tegulis 58, 15.

teguriola 146, 20.

telum (unum est et maximum
-, 111) 69, 9. -i 118, 11.
135, 18. 148, 9. -a 9, 11.
24, 7. 60, 6. 96, 13, 23. 97,
21. 105, 8. 108, 16. 111, 19.
138, 4. -orum 14, 10. 103,
22. 138, 4. 146, 6. 162, 15.
-is 20, 3. 23, 16. 28,13.
135, 16.

temerarii 87, 21.

temere 87, 22. 89, 7.
temeritatem 33, 17.
temperatioribus 7, 1.
temperaturae 133, 17.
temperentur 148, 20. -etur
133, 10. 143, 16. -et 91, 9.
-atum 73, 24.

tempestas 157, 9. —ate 58, 14.
-ates 158,14. 159, 5. —ati-
bus 82, 15. 156, 4. 157, 11.
159, 13, 16. -atum 154, 13.
temptabit 88, 20. —anda 86,10.
92, 1. -andus 8, 13. -aut 114,
4. -autur 158, 10. -aret 16,
6. -at (cum inf.) 115, 1.
>emus 21, 17. —es 52, 17. -aue-
rint 145, 6. 164, 2. [-aueris
120, 18.]

tempus 22, 3. 88, 13. 91, 13.
93, 21. 113, 8. 150, 2. 157, 5.
-oris 52, 9. 158, 9. —ore 11,
19. 58, 14. 67, 17. 68, 23.
(111 —-) 69, 7. 70, 16. 71, 22.
(ex -) 73, 8. (111 -) 81, 9.

