 

 

 

Index uerborum.

palas V. L. 26, 22. 61, 1.
pali 15, 18. 61, 3. -orum 15,
14. -1s 116, 13. -0s 15, 14.·18,
11. 58, 2. -um 15, 20. 16, 5.
18, 2, 3, 6. 57, 14.

pallidus 160, 9.

palma 73, 16.
128, 15.
paludes 67, 18. 80, 1. 110, 11.
—um 91, 7. -ibus 87, 8. 96, 20.
104, 7. 129, 17.

palustribus 68, 5. 78, 14.
Pannonicos 23, 27.

² papilione 47, 5. papiliones 26,
6. 84, 19. -ibus 7, 17.

par 14, 16. -i 36, 12. 72, 16.
77, 8. -es 17, 21. 30, 8. 101,
17. [111, 21.] -ibus 148, 3.

parabat (c. inf.) 79, 6. 150, 11.
-ant 138, 7. -aretur 141, 20.
-auerint 113, 7.

paratior 58, 12.

paratus 47, 19. 91, 11. 94, 13.
104, 2. -a 76, 4. -i 77, 15.
112, 13. -is 80, 8. 94, 10.
parco 7, 16. 94, 4.

parendo (in —) 33, 15.

pariab 76, 6. peperib V. L.
128, 10.

[paries 130, 18.] -etes 130, 15.
131, 1. 145, 6.

pariber 18, 14. 21, 8. 36, 2. 47,
8. 56, 6. 57, 17. 81, 7. 117,
17. 122, 22. 125, 4. 156, 5.
161, 3.

pars (ciuilis —) 9, 18. 18, 9.
54, 5. 77, 5, 10. 82, 23. 84, 11.
86, 22. 88, 3. 96, 13. 103, 15.
104, 3. 107, 20. 118, 17,
124,11.151,18.161,1.-tis
(armatae)33, 1 86,8. 147,
17. -ffi 114, 12. -tem ’26, 4. 28,

-am 55, 16.

15. 96, 9. 102, 12. 107, 16.

108, 13, 14. 109, 23. 110, 1.
115,1. 132, 5. 139, 21. 141,

4. 145, 20. -te 6, 10. 7, 7.

223

16, 8. (uel ex —) 16, 24. 21,
18. 34, 9. (ex omni -) 36, 12.
81, 14. 86,14. 103,1,13. 105,
12. 106, 6. 110, 3, 11,15. (ex
omni —) 119, 8. (pro tua ——)
120, 18. (uel pro —) 125, 2.
131, 10. 138,12. 142,18. 154,
12. 164,12. 165, 2. -tes 34, 7.
35, 3. 85, 2. 89,10. 102,18.
109, 7. 150, 18. -tibus 21, 1.
140, 3. 153, 18. 154, 19.

parsimonia 70, 10.

particulam 54, 20.

particulatim 94, 9. 112, 17.

partim — partim 29, 19, 30, 1.

parua 9, 5. 111 paruis (subst.)
25, 22. 64, 18. 89, 18. paruis
144, 8. -o 5, 10 (subst.) 7, 11.
›os 19, 8.

paruissimis 13, 2.

paruulum 135, 19.

parum 7, 4. 17, 7. 133, 8.

pascebatur 53,19. -entibus 113,
12. -entium 82, 8.

pascua 85, 13.

passibus 97, 16. 99, 15, 18.
-ὖ8 100, 6. 109, 1. -uum 13,
19. 28, 12. 75, 13. 100, 1.

passim 11, 10. 82, 5. 119, 17.

patefacto 111, 13.

patentia, 96, 19. -entibus 78,
12. 130, 4. -ereb ad 16, 8. -uit
151, 15.

Paternus 13, 7.

pati 66, 8. patiantur 68, 3. 114,
10. 131, 14. -atur 25, 20. 75,
10. -ens 7, 9. 9, 1. -tur 80, 20.
156, 15. -untur 25, 10. 71, 1.
passus est 113, 19.

patula 136, 6.

pauci 114, 2. 143, 8. -ae 128,
16. -is 66, 8. 72, 17. -0s 72,
20. 107, 8. 111, 2. [122, 5.]

pauciores 89, 14. [123, 8.] -2
150, 7. -ibus 109, 19. 110, 8.
[paucissimis 124, 1.]

