198

sortiter 18, 12. 20, 3. 24, 6. 37,
14. 47, 16. 88, 7.

fortius 54, 15. 60, 6. 137, 19.
fortuna 11, 14. 119, 10. [121,
6.] -a 147, 7. -ae (qen.) 163,
16. -ae (nom.) 90, 8. -am
113, 18.

fossa 26, 12, 13. 27, 5. 83, 12.
-3 26, 15, 18. 52, 4. 92, 9. -ae
44, 11. (pl.) 14, 6. 44, 16. 131,
11. -am 7, 12. 9, 9. 72,1. 83,
19. 84, 12. 148, 9. -as 58, 22.
71, 21. -arum 60, 21. 68, 17.
-is 25, 6. 27, 3. 80, 21. 81,17.
85,19. 87, 8. 92,12. 93, 5.
130,1, 16.

fossatum 138,

frangant 102, 353· -at 69, 10
—ebantur 7, 24. -et 80,18. [-it
136, 17.] [-itur88, 5] —unt 119,
4. [121, 12.] -untur 97, 10.
144, 13. fractus 144, 16. fracti
87, 16.

fraus 114, 1. 145, 14. -dem 114,
21. -de 75, 8. -dibus 104, 15.

frequenter passim.

frequenti 19, 16. 69, 2. -ibus
4, 7. 14, 16.

frequentior 165, 10.

frequentissime 21, 7. 59, 2.
71, 20.

frequentius 70, 21. 77, 7.

frigore 146, 21.

frons 97, 7. fronte 77, 6. 79,
10. 86, 2. 96, 23. 106, 7. 114,
18. [122, 16.] 130, 11. -em
105, 14. 137, 14.

Frontinus 13, 6. 37, 15.

frugalitatem 133, 11.

fruge 69, 22. —um 133, 5.

frumentariae (rei -) 66, 12.

frumentum 69, 12. [122, 13.]
-i 70, 15. 85, 14. -3 133, 1.
-is 69, 4. -O 17, 7.-

frutioum 58, 4.

fug-51 22, 13. 23, 5. 91,15. -am

Index uerborum.

17, 20. 28, 6. 98, 13. 109, 3.
110, 3. 112, 13.

fugare 51, 3. 98, 5. 109, 15.
-assent 51, 9. -gent 96, 6.

fugere 11, 16. 51, 15. -erent
111,12. -iendi 76, 3. 146, 8.
-ientes 51, 12. [74, 3.] 113, 9.
-ientium 14, 5. -erit 118, 18.
fulgebant 23, 9.

fulgidus 160, 9.

fulmine 142, 13. -is (more) 144,
5 et 149, 1.

fumo 74, 18.

1115113 58, 10. 98, 22. -3 19, 9,
11. 71, 18. -am19, 17. 58, 13.
-ae (pl.) 143, 13. —arum 19,
6. -as 50, 1. 133, 22. 144, 9.

-ens 46, 6.

-is 19, 5, 20. 70, 18. 99,
2. 118, 1. 138, 14. 148, 18.
162, 15.

fundamentum 11, 8. -a 45, 15.
138, 9. 141, 22. 145,19. -is
130, 8.

fundantis 130, 3. —are 128, 13.
-atur 40, 12.

fundat 102, 7. -atur 28, 6. 119,
9. -ebantur 113, 5. fusa 119,
17. fusis 91, 5.

fundibalis V. L. 118, 1.

fundibulatores 98, 19, 20.
funditores 19, 15. 23, 20. 36,
9. 50,1. 51, 2. 58, 4. 98, 20
99, 1. 118, 1. 142, 6. -ibus
funes 142, 17. 143, 9. 154, 5.
[164,17.] 165,4. -ibus 60,15.
81,8. 131,7. 134,14. 135,13.
141, 2, 14. 143, 13. 144,
15, 20.

furentes 160, 3.

fuscata 160, 6.

fustibalus 98, 21. -o 19, 11. 58,
7. fustibali (pl.) 143, 13. —is
70, 18. 98, 20. 118, 1. 148,
18. 162, 16. -οε 50, 1. 133,
22. 144, 9.

