234

quemadmodum (— ita) 47, 9
et 59, 5. 67, 16. (-υ ita) 76,
12, 17. 89, 1. 112, 3. (uidere
—- abscedebant) 112, 17. (—
ita) 139, 4 et 142, 16.

quempiam 55, 12.

quemquam 4, 4. cuiquam 22,
12. 153, 13.

qui, quae, quod, euius παραε-
sim, cf. 35, 2. 73, 23, 92, 9.
105, 13, 15. 124, 19. 137, 20.
138, 9. 144, 7. est quae 8,
14. hoe est in quo 11, 6.
subita (scil. sunt) quae V. L.
77, 16. hoc tempus est quo
94, 1 et 113, 8. hie locus est
111 quo 103, 2. assimulatum
98, 9. V. L. 98, 10. 134, 5.
135, 19. 144, 7, 20. 159, 11.

quia 4, 3, 6,19. 19,16. 34,10.
39, 20, 23. 40, 4, 7, 10, 22,
[24]. 41, 11. 42, 10. 46, 10.
49, 4. 51, 14. 56, 8, 10. 58,
12. 67, 11. 76, 15. 84,14,21.
87, 18. 92, 13, 20. 99, 16.
103, 15, 23, 26. 104, 2. 105,
4,8. 106,1Ο. 109,6,16. 110,
4' 15 [⁷111, 21.]' 112, 7, 9.
113, 9, 19. [121, 12] 1’30, 10,
20.13}›, 20.134,14. [136,17.]
137,17. 140,16.141,15.
143, 3. 150, 7'. 151, 1. 152,
2, 7. 154, 13. 157, 4, 7. 158,
11. 159, 1. 161, 20. 164, 6.
165, 9.

quicumque V. L. 154, 10. quod—
eumque 144, 2. quocumque
61, 7. 120, 1. quacumque 69,
22. 137, 14. quaecumque
6, 1. 73, 17. quibuscumque
11, 10.

quidem 5, 18. 6, 11, 17, 21.
(Et ——) 8, 9. [10, 2.] 12, 24.
18, 21. 53, 3. 56, 23. 73, 3.
77, 6. 96, 19. 162, 5.
quiduis 52, 19.

Index uerborum.

quieta, 156, 6.
Quinctio Cincinnato 8, 3.
quingenfiaria (coh01·s—) 39, 18.
quingentos 108, 21.
quinos V. L. 9, 15. 20, 9. 153,
13. -as 49, 7.
quinquagenos 139, 13.
quinquaginta quinque 43, 5.
quinque 13, 19. 40, 1. 43, 5,
12. 49, 9, 13. 83, 13.
quintadecima 152, 10.
[quinbus 123, 2.] -a 39, 21, 22.
49, 1. 109, 10. -ῑι 98, 18. -O
V. L. 157, 10.
quippe 25, 2.
quique 12, 2. 94, 17. 119, 16.
quis (interr.) 48, 10. 87, 3 ter,
4. 89, 19. 90, 15, 16 ter.
-em 12, 19. quid 5, 15, 16.
11, 17. 22, 14, 16. 33, 10.
35, 15. 80, 7. 88, 20. 89, 1.
94, 21. 95, 6. 99, 10. 123, 20
bis. 140, 5 162, 8. 165, 6.
quis (indef'.) 29, 6. 52, 6. 53,
11, 14. 54, 21. 120, 8. 130,
10. qu& 81, 14. 85, 7. quid
15, 6. 17, 17. 67, 7. 90, 10.
95, 3. 119, 12. qua 16, 8.
qui 72, 9. -as27, 20. [114,14.]
quos 27, 20.
quisquis 86, 4. quiequid. 5,10.
13, 21. 16, 14. 45, 12. 69,21.
114, 4. [120, 17.] 149, 1.
quo (adu.) 25, 11.
quocumque (adu.) 74, 5.
(111οᾶ (coni.) 20, 3. 34, 8, 12.
41, 5, 14, 15. 47, 8. 52, 13.
54, 3. (sciendum —) 79, 1.
96, 15. 108, 6. 109, 11. 137,
14, 15. 144, 8.
quod si 66, 16. 67, 2, 4. 69‚15.
72, 18. 77, 12. 79, 11. 81,15.
83, 10. 85, 18. 94,12. 99,17.
101, 13. 102, 15. 104, 11.
107, 18. 119, 8. 135, 17. 136,

