242

84, 20. 137, 6. 153, 17. 154,
19. -as42, 1. 43, 9. 46, 8. 47,
1. 54, 18. 60, 2 bis, 11. 100,
3. 112, 18. 151, 7. -os 38, 1.
85,1. 88‚17. 100, 4. [101,20.]
151, 7. 153, 11.

sinistra 18, 13. 103, 15. (pl.)
23, 10. 5- 22, 17. 103, 13.
108, 15. 155, 7, 10. 156, 1,
3. 164, 12. -ae 107, 14. 109,
21. -am 107, 2, 11, 14. 108,
9. 110, 1. [122, 19. 123, 5.]
-is 21, 1. -ο 40, 1. 101, 1.
104, 16. 108, 6, 8. 110, 19.
-os 24, 10. -um 40, 11. 50,
7. 103, 6‚17. 108, 3, 20. 109,
13. [122, 17.]
sinuetur 164, 1.

sinuosis 130, 7.

8111118 106, 11. -1“18 (pl.) 27,
20. —um 107, 6. 111 -11 130,
12.
siquidem eum coni. praes. 33,
3. 56, 18. 73, 4. 153, 5. cam
cani. impf. 53, 18.

sitis 136, 3. -i 115, 7.
situ 48, 11.
siue 19, 20. 24, 5. 43, 24. 53,
10. 59,1. 72, 8. 78, 14. 90, 13.
91, 4. [128‚3]. 129, 17. 133, 22.
135, 9. 137, 2. 138, 14. 141,
6. 143, 8. 147, 7. 148, 15,18.
152, 4. 155, 7, 8, 12. 156, 1,
2, 3. 164, 12.

siue —- siue 18, 15. 99, 4.
cum coni. praes. (—- 81118) 9,
5. cum ind. pr. 56, 11. eum
fut. ex. 59, 14. 100, 7. 146,
10. 164, 12. cum coni. praes.
85, 13, 17. 94, 8. uide 8811
- 81118.

81118 - 81118 - 81118 53, 6.
cum fut. emacto 56, 17. 72, 3.
110, 17. 148, 4.

sobrius 44, 5. 47, 18. 89, 9.

socialium 67, 13.

Index uerborum.

sociantur 12, 4. 153, 17. -are
11, 5. -ata 141, 13.

800118 35, 4. 74, 18. -orum 38,
3. 105, 2. -os et -is V. L.
81, 3.

sol 96, 22. 149, 9. 160, 7. -is
6, 21. 7, 9. 13, 2. 67, 20. 97,
3. 136, 7. -i 6, 16. -em 7‚16.
96, 21. -e 136, 10. 147, 1.

soleant 55, 2. -eat 82, 16.
-ebant 23, 15, 25. -ent [2,2.]
14, 21. 27, 23. 38, 17. 41, 6,
17. 60, 11. 77, 17. 78, 12.
97, 1. 134, 7. 154, 6. -ere
75, 5. -et 80, 14. 106, 8.
113, 10. 119,18. [121, 5,10,]
151, 2.
solidant 139, 2.

soliditate 133, 20. -tem 81, 9.

solidus 42, 4. solidae 153, 5.
-o V. L. 160, 8.

solit-5. 97, 4. -0 160, 8.
sollemni 158, 7. 159, 6. -ibus
36, 2.
sollers 69, 11.

sollerter 5, 22.

sollertia. 18, 12. 52, 19. 154,
13. 161, 14. -ἴι 147, 4.

sollertiores 75, 16.

sollertissime 149, 19.

[sollicitandis 121, 11.]

sollicite 80, 6.

sollicitudo 46, 4.

sollicitus 90, 10. -i 94, 1. -os
160, 11.

8610 142, 4.

solstitio 155, 5. —tium 152, 19.

soluerint 94, 16.

851118 65, 4. 73, 10. 107, 4. -5,
58, 11. 64, 7. 73, 7. -am 90,
2. -um 102, 6. 120, 15, -017,
16, 110, 18. -1 56, 4.

solutior 83, 11.

somni 82, 8. -0 148, 5.

sonat 65, 15.

sonis 74, 2.

