178

142, 4. -entes 23, 24. 58, 1.
-ere 25, 11. 98, 2. -16 132, 1.
161, 10. cesserint 92, 1. ces-
sit 34, 4.

celantur 5, 4.

celebrari 152, 18. -atur 158,8.
celeritas 151, 1. -6366 117, 7.
celeriter 13, 16. 14, 2. 26, 8.
46, 10. 52, 18. 151, 9. -ius
8, 11. 50, 17. 65, 18. 87, 12.
109, 3.

Celsus 13, 6.
Celtiberi 35, 11.
censerentur 35, 11.
20, 8.

censu 45, 19.
centenarii 43, 10. 46, 17.
centeni 47, 2.

cent-ones 144, 14. -ibus 137, 10.
133, 6. 139, 11. 140, 14.

centum 43, 4. uide mille.
centum decem 47, 12.

(3611611ϊί5 27, 4. 47, 9. -2‘146, 14.
51, 21. -ae (pl.) 26, 5. 43, 4.
47, 4. 83, 16. -am 42, 18.
43, 3. -as 42, 13, 16. 43, 9.
46, 12. 47,1. 60, 2. uis 19, 3.
46, 12. 53, 10. 84, 20.

centurio (primj pili) 42, 12 et
56, 14. 47, 15. 117, 2. -one
47, 12. -onem 47, 3. -ones

43, 9, 12, 14, 23. 46, 16. 50,
15. 84, 6. -onibus 27, 5.

-uerint

cera 154, 5. 163, 5.

cernat 79, 10. -imus 129, 2.
-16111 95, 8.
certabat 14, 15.
—a'curus 19, 2.
-auit 33, 9.
certamen (— publicum> 89, 13
et [122,8]. 94, 5. 96,15. 150,
8. 162, 6. -ine (-— bellorum)
6, 6. 86, 8. 116, 1. [(publico
φ) 124, 5.] 158, 7. 164, 8.
-inis 95, 12. 109, 4. 151, 15.

-atur 73, 5.
›aburi 95, 6.

- Cimbri 93, 11.

Index uerborum.

-ina 136, 13.
-inum 65, 16.
66166 58, 6. (an —) 74, 2. auh
—: 23, 5. 78, 16. (aut— certe)
91, 16. 94, 14. 104, 17. 112,
11. 137, 13. 145, 18. 149, 9.
1161 —2 9, 15 (1161 - certe)
14, 12. 58, 6. 59, 10. 64, 7.
74, 10. 80, 22. 86, 14. 91,17.
certi 158, 15. -is 105, 5. 161,
3, 12.

ceruice 10, 14.

ceruorum 11, 4.

cessant 56, 14. —are 59, 19.
-arent 58, 20. -aret 22, 6.
-sset 59, 8. 158, 10.

cessim 112, 19.

cetera 44, 18. 45, 8. 65, 1.
90, 3. 134, 14. 147, 22. -ae
69, 12. -i 43, 7, 23. [49, 3.]
115‚6(‘?). —orum 66, 2. -arum
85, 14. 133, 5. -iS 58, 19.
119, 15. 151, 9, 16. -0s 4,11.

-inibus 91, 12.

17, 1. 46, 3.

ceterum 22, 20. 52,17. 70, 10.
[111, 20.] 115, 9.

chalant 144, 15.

chalatorios 164, 17.

chordae 142, 16.

Chris‘cum 38, 19.

cibus 147, 16. -1 149, 20. -Ο
94, 5. 148,4. -um 19, 8. 82, 6.
91, 9. 113, 11. -is 68, 8.
cilicia. 131, 20. -iis 137, 10.
138, 10.

-orum 93, 14.
Cincinnato 8, 4.

cincti 83, 19.

circa 49, 2. 58, 10. 83, 18. 99,
3. 101, 24. 102, 1, 17, 20.
139, 21. 157, 9. 159, 4. 163, 11.

6116166166 85, 8.
circius 156, 3.
circo 57, 6.
circuitu 150, 18.

