Index uerborum.

⁴70, 10. 74, 17. 79, 5, 7. 80,
20. [88, 6.] 90, 10. 91, 16.
96, 3. 100, 11. 102, 7, 9. 104,
11. 110, 10. 113, 6. 119, 9.
120, 17. [121, 11.] 124, 20.
135, 17. 136, 5, 7. 137, 2.
140, 12. 141, 9. 143, 16. 148,
20. 163, 18. — 6. 6. impf. 37,
12. 50, 11. 58, 15. 67, 2. V.
L. 124, 20. — c. 6. plsqpf.
23, 24. 33, 16. 51, 9. 54, 21.
67, 4. 92, 10. 99, 10. 113, 3.
132, 4. - 6. futuro 38, 7. —-
6. fut. ex. 27, 16. (— fuerit
iussa) 40, 15. 48, 16. 60, 12.
66, 16. 79, 6. 72, 18. 80, 4,
12. 81, 14, 15. 83, 10. 85, 7.
87, 13. [88, 6, 7 bis] 89, 5.
92, 1, 2. 94, 12. 95, 12. 98,
13. 99, 17, 19. 100, 5, 13.
101, 13. 102, 10, 11. 103,12,
22. 105, 1. 107, 8, 18. 108,
1, 9, 19. 109, 8, 14, 19. 111,
6. 118, 15, 17. 119, 12, 14,
15 bis. [12o, 18.] 130, 10.
131, 7. 139, 18. 143, 6. 145,
3, 6. 146, 3. 149, 4. 160, 5.
163, 18. si —- ‘cantum = dum
58, 19.

sie 4, 8. 16, 5. 26, 19. 41, 11.
43, 4. 89, 7. 108, 4. 109, 6,
13. 120, 6. 144, 8.

81663. 161, 17.

siccata 136, 10. -as 6, 16.
sicciora 135, 13. 153, 2. —ori-
bus 145, 20.

siccitatem 153, 6.

Siciliam 150, 20.

sicubi 102, 1.

, sicut passim.

l sidus 157, 8. -erum 158, 8, 13.

1 159, 10.

1 signabo 37, 17. —enbur 158,15.
-atis 12, 17.

signiferi 22, 17. 41, 7. 50,13.
55, 3. -os 55, 2.

VEGETms.

 

241

significanb 74, 18. -antur 160,
12. -at [10, 2.] 74, 10.
significatione 35, 22.

signum 39, 11. 46, 7. 47, 3.
58, 7. 73, 20. 74, 6, 15. 76,
11. -a 10, 18. 26, 6. 39, 13.
41, 7. 49, 2 bis. 51, 17. 54,
6, 13, 14. 56, 3, 5,14. 73, 10.
74, 4, 7. 78, 8. 83, 18. 84,
13. 106, 6. 154, 10. 159, 12.
-18 78, 4. 159, 16. -O 58, 5,
6. 73, 15. -orum 12, 7. 73,
6, 12. 89, 2.

siluam 58, 22. 71, 23. -arum
91, 7. —as 114, 8. -is 96, 19.
siluestri 152, 4. -ibus 78, 13.
811110818 114, 14.

similis 68, 6. 108, 5. 109, 10,
17. 154, 5. -1 119, 3.
similiter 28, 16. 39, 18. 43,12.
47, 13, 48, 1. 50, 3. 68, 16.
74, 17. 149, 12.

similitudine (pro —-) 71, 19.
(a —-) 137, 16. 151, 16. -nem
74, 16. 83, 11. 84, 5. 92, 16.
107, 21. 110, 5. [130, 19.]
138, 9. 142, 15. 163, 20.
164, 10, 16. in similitudinem
123, 6.

simplares 41, 17. 42, 8.
simplex 27, 19. -ieis 7, 10.
simplicitas 70, 21.

simul ac 8, 16.

simulat 71, 5. -ata 146, 15.
simulatio 70, 22.

simultatibus 92, 4.

sin minus 109, 15. sin uero
98, 14.

sine passim.

sinerent 19, 8. 112, 16.
singuli 15, 18. 60, 11. 97, 14.
99, 16. 156, 4. -ae 83, 16.
128, 16. 150, 15. 151, 7. -a
46, 12. 60, 4. 61, 6. -arum
90, 13. -is 15, 18. 35, 14. 37,
2, 3. 46, 12. 55, 5. 60,14.

16

