 

 

Index uerborum.

(— quod) 79, 1. 85, 8. 87,1.
98, 11. 118, 17. 132, 9. -ens
44, 7. -ente 91, 8. -entes 76,
1. 87, 21. 104, 13. -enbibus
86, 17. -mus 25, 8. -o 9, 14.
-re 4, 5. 75, 7. 79, 19. 101,
9. 160, 15. -rent 55, 4. 78,
8. -it 54, 13. 111, 10. -ibur
88,18. 150, 2. -1unt [111,22.]
150, 15.
scienter 9, 10. 18, 12. 20, 3.
24, 5. 48, 5.
scientia 6, 4. 25, 5. 57, 9. -ἐ,
45, 20. 93, 13. -am 59, 13.
124, 18.
seilioet 21, 4, 54, 20.
scindulis 58, 15.
Scipio 18, 21. 93, 2.
111, 11.
scopas 58, 4.
scopulis 161, 16.
scorpiones 143, 12. 144, 7.
-ibus 162, 16.
scribendus est 12, 7. -untur
37, 14. scripsere 12, 22. scrip-
sisse 64, 6. scripsit 13, 6.
scripti 38, 17.
scriptoribus 4, 12.
scutarias 45, 9.
sensati 20, 11. 23, 11. 24, 8.
49, 18. 60, 9. -is 98, 8. 99, 7.
-08 49, 12. -um 9, 6.
scutum 9, 10. 15, 11. 22, 16.
47, 17. scuto 16, 2. 24, 5.
51, 19. scuta. 15, 9. 23, 8, 15.
49, 5. 50, 16. 60, 2. 99, 4.
131,19. 162, 13. scutis 20, 10.
49, 7. 50, 9. 51, 17. 72, 2.
83, 17. 101, 14, 21.

se passim,· sui 77, 2. 107, 6.
sibi 27, 14. 35, 10. 44, 6. 46,
1. 76, 3. 79, 2. 88, 3. 89, 1,

- onis

12. [111, 22.] 119, 1.

secatur 44, 15. -entur 153, 4.
sectae 153, 4.

secreta 79,4. —o 114,6. -um 145,9.

239
secretiores 112, 12. -tissimo
75, 12.
secreto 141, 12. 165, 4.
sectantur 12, 3.
seeum 25, 5. 52, 3. 60, 16. 61,
8. 81, 3, 6. 103, 10.
secundum 27, 18. 38, 6, 20.
secundus V. L. 42, 18. 43, 2.
103, 8. [122,18.] 130, 18.
-a 27, 4. 39, 15. 43, 11. 48,
19. [49, 15.] 50,3,19. 98,17.
107, 7. (rheumatis ambigui—
tas) 151, 7. -5 23, 13. 40, 4,
7, 10. 42, 17. 50, 5, 7. -i
(pl.) 41, 2. -ae 108, 5. 109,
17. -am 98, 17. -ο 30, 7. 97,
12. (spiramine) 156, 9. -os
65, 10.
securior 16, 21.
securis 155, 1.
-ibus 79, 12.
securitas 29, 19. 113, 10. 146,
17. 151, 17. —atiS 12, 19.
securus 83, 14. 110, 14. -a 69,
18. 85, 15. 107, 21. 157, 4.

·es 61, 2.

-38 92, 17. -i 25, 3. 91, 3.
-1s 104, 9. -os 91, 10. -um
76, 14.

secus 119, 13.

sed passim,- V. L. 160, 15.
sed tamen 6, 12, 21. 79, 11.
sedecim 138, 2.

sedere † 22, 8. 99, 10.
sedibus 71, 5, 11, 22. 72, 3.
74, 11. [124, 3.]

seditiosi 72, 10.

segregatos 72, 12.

semel 57, 2. 58, 9. 66, 18. 70,
6. 107, 18. 111, 18.

semet 73, 23.

semirotunda 25, 24.

semis 42, 7, 19. 43, 3. 49, 9,
14. 83, 10.

semissem 83, 10.

semispathia 49, 6. -is 50, 10.

