210

45, 3. 51, 13. 53, 22. 54, 20.
55, 24. 59, 4, 22. 60, 16. 61, 8.
onis 17, 9 38 6. 39, 12, 15.
40, 17. 42, 12, 15. 43, 20.
44, 1. 46, 7. 48, 16 51,14.
53, 6 56' 21 65', 14 om 34
12. -one 39, 7 40, 14. 43, 1,
7, 13. 55, 1'7. 60, 10.-0118111
44, 5. 45, 18. 52, 1. 66, 22.
-0nes 20, 2. 23, 8. 35, 3, 13,
15. 37, 5. 38, 3, 5. 43,16,19.
52, 8. 55, 7. 65, 8. 88, 15.
93, 12. 116,2. 150,16. -0num
9, 16. 23, 25. 35, 5. 36, 17.
65, 19. 90, 13. ›onibus 20, 9.
35, 8. 36, 4, 15. 41, 2. 53, 1.
55, 22. 72, 8. 76, 11. 84, 18.

legionarii (equites) 34,11 et
55, 19. 72, 3. -is 116, 2. —orum
(equitum—) 44, 4. -os (equi—
tes —) 36, 10.

legitima 26, 15. -i 54, 1. ·o
27, 20.

lenitur 96, 3.

leporibus 145, 9.

letale 19, 13.

leuantur 141, 4. -ata fuerit
26, 18. -ati sunt 26, 13.

leuconotus 155, 9.

leuiora. 16, 20 -8111 83, 6.
-ibus 66, 21. 93, 18. 101, 20.
137, 21.

leuis' 9, 5. 23, 20 36, 5. 49,
16. 51', 2, 11.' 98, 10. 113, 2.
e 11,10. -em 36, 9. 109,11.
[123,1.]-1 77,11. 80, 9.
102, 21. 109,16.113,4. 116,

8.117,13. 132, 14. —ibus
101, 14.

lenissimas 81, 6.

leuiter 114, 4.

lex (— est ut) 97, 10. 1888
157,1. legibus 56,10. 90, 18.

libellae fabrilis 107, 22.

libello 5, 10. -um 29, 5.
34, 1.

Index uerborum.

libenter
(— cupit) 111, 10.

Hber 65, 13. —bris 12, 21. 15,
8. 18, 18. 33, 6. 92,19. 93, 1.
124, 13. 160, 14. -bros 4, 2.

(-—- habuisse) 4, 7.

12, 25. 13, 8. 41, 15. 64, 15.
liber 103, 9. 135,17. -ero
164, 5.

libere 135, 7.
liberet 119, 14.
-a’nus 16, 21.

libertas 89, 21. -asse 59, 20.
libonotus 155, 10.

libralia (- saxa) 58, 11.
libramento 143, 6.

librarii 41, 14.

libras 21, 5.

liburna 152, 4. -ae 151, 7, 20.
152,12. 153,11. 154, 11. >am
165, 1. -arum 34,14. 161, 20.
163, 19. 164, 4. -iS 151, 3.
153, 16. 158, 12. 162, 18, 21.
Liburnia 151, 18.
Liburnorum 151, 14, 16.
licentiam 147, 20.

[licere 111, 22.] -8181, 35, 2.
licet (— sit) 5, 1. (—- profe-
cerint) 22, 1. (— superet)
108, 4. (— prosit) 113, 16.
(— signentur) 158, 15. — ab-
solute (ut quamuis) 20, 16.
44, 9. 104,17. [111‚ 20.]

ligatur 98, 22. ligata sunt
lignarios V. L. 45, 3. -
lignatio 85,15.

ligneas 15, 12. 45, 6. -1 20,18.
83, 7. -is 18, 10. 145, 23.
lignum 54, 1. 82, 15. 84, 17.
-i 81, 5. -ο 132, 2. 141, 1. -a
44,17. 133,18. 153, 3. -orum
25, 15. 68, 2. 70, 14. -is 26,
20. 134, 3. 137, 21. 138, 17.
139, 1. 140, 12. 145, 20.

-ata 142, 5.

*ligones 26, 22. 61, 1.

linea (sub —) 26, 17.

