Iud ex uerborum.

uirides 153, 7. -ibus 134, 3.
uirtus [2, 2.] 10, 7. 12, 15.
35, 5. 58, 3. 73, 15. [88, 4.]
05, 11. 113, 15. [121, 7, 10.
122, 3, 4.] 140, 0. [148, 21.]
151, 2. 151, 19. -uffis 20, 7.
29, 7. 35, 19. 42, 4. 72, 5.
146, 9. -uti 90, 7. —utem 44,
8. 93, 15. 135, 1. -ute 41,12.
45, 19, 20. 49, 11. 51, 4.
54, 7. 65, 3. 55, 5. 102, 3.
107, 9. 109, 18. [122, 15.
123,4.] 125, 4. 162,18. -ut-um
11, 11.
uis 25, 14. 28, 4. 79, 7. 81,
14. 84, 1. 145, 3. 156, 14.
uim 25, 20. ui 78, 22. 140,
11. 142, 12. 154,11. 164, 13.
uires 11, 8. 29,17. 59, 7.
90, 14. uirium 10, 1. 88, 2.
89, 1. 94, 20. uiribus 5, 18.
9, 9. 18, 5. 47, 15. 55, 8. 72,
7. 89,14. 99,11. 108, 4. [111,
20] 119, 17. 137, 4.
uisum 96, 22.
uita (111 -) 8, 7.
128, 8.
uitabaut 117, 8. -anda 66, 13.
70, 15. 151, 9. -andum (—
ne) 78, 15 et 112, 14. 113,
13. -antes 37, 7. -are 9, 11.
79, 15. 80, 4. 07, 1. 113,
20. -ab 162, 2. —entur 161,
17. -et 89, 14. -e'tur (— ne)
70, 19.
uitalia. 15, 12, 14.
uitiatis 69, 1.
uitiorum 72, 17.
uitiosam 152, 3.
uiuere 134, 7. uixerunt 71, 6.
uicturis 38, 16.
uix 4, 12. 66, 16.
[ulla 148, 21.] -18130, 21. -um
111, 15.

ulterius 1 42, 7.

-am 90, 5.

253

-os 91, 17.
-um 86, 11. 120, 8.

ultra (adu.) 17, 21. 153, 15.
(— quam) 25, 22 et 83, 3.
ultra (praep.) 82, 22. 135, 17.
148, 9.

ultro citroque 161, 4.

ulna 58, 15. 81, 1.

umbrii 149, 12. -5, 149, 13.
-ae 7, 9. 149, 11, 15. -am
149, 9.

umeris 10, 14. 117, 10.
umorem 153, 8. -e 152, 8.
153, 2. 160, 5.

umquam 15, 16. 67, 13.

unciarum 9, 15. 24, 5. 49, 9,
13. —aS V. L. 9, 15. 16, 13.
unda 135, 8. -is 155, 5.

unde 23, 7. 55, 22. 06, 4.
150, 5.

undecim 60, 5. 83, 19.
undecimus 54, 19. -ο 55, 1.
undique 77, 13 bis. 118, 6.
145, 12.

ungere 154, 6. unctas 163, 5.
uniuscuiusque 51, 19.
uniuersa pi. 9, 4. 27, 16. 41,
5. 43, 15. 51, 7. 70, 7. 75,
21. 84, 9. 102, 11. 140, 15.
148, 20. -arum 29, 17. -i
(— milites) 74, 12. -is 19,
15. 29, 4. 75, 5. -0 85, 16.
90, 9. 129, 4. 147, 10. -um
unus 47, 6. -a 47, 11. 55, 9,
23. 99, 15. 105, 5. 138, 11.
143, 4. 145, 4. 147, 8. -um
34, 13. 49, 8. 55, 9. 59, 9.
(in unum collectos) 88, 19.
02, 7. [101, 18] 105, 1, 8.
100, 11. 112, 2. 143, 7. 145,
10. -2 35, 10. 30, 7. 40, 13
60, 10. 110, 11, 15. -am 40,
15. 42, 7. 66, 21. 132, 9.
-ius 35, 22. 37, 13. 48, 15.
83, 5. 117, 3. -0 36, 11. 47,

ultimas 99, 10.

