 

 

 

 

Index uerborum.

linquentes 12, 23.
linteones 11, 2.
linum 149, 6.
99, 2.
lips 155, 12.
liquidam 133, 15.
liquor 136, 6.
litterae (sinq.) 107, 22 et 110, 5.
-am 105, 11. -arum 4, 11.
39, 10. -is 4, 2. 29, 5. 33, 7.
45, 19. 46, 14. 64, 14. -as (in
—- conferre) 37, 12.
litterati 55, 4. -08 53, 2.
litus 164, 6.
lixas 15, 5.
locabantur 23, 21. 50, 10.
-cantur 48, 17. -eatae fue-
rant 151, 5.
locus 21, 16. 100,11,12. 103,
2. [122, 4.] >i 25, 16. 26, 1.
82, 20. 110, 7, 15. 161, 13.
-ο 6, 14. 25,15. 61,9. 96,11,
14. (primo -) 98, 16. 102, 10.
106, 12. 107, 8. 148,19. -um
9, 8. 12, 14. 26, 3. 37, 3. 41,
13. 43, 17. 72, 1. 82, 10. 96,
9. 105, 8. 112, 10. 113, 5.
141, 22. 142, 3. -a 14, 2. 42, 2.
76, 8, 20. 79, 8. 84,19. 85,16.
86, 1. 87, 5, 7. 96, 16, 19.
98, 16. 102, 3. 114, 3, 9. [123,
11, 13.] 135, 13. 146, 4, 11.
161,15. -orum 75, 13, 20.
78, 11. 79, 22. 81, 19. 111, 6.
129, 17. 130, 5. 156, 7. -is
6, 11. 19, 18. 28, 20. [35,17.]
66, 9. 67, 17 bis. 68, 23. 69,
14. 71,3. 78, 13. 79,2. 82,18.
84, 13. 85, 19. 88, 16. 91, 1.
96, 4. 106, 2. 111, 3. 132, 8,
10. 144, 15.
locuntur 64, 2. loquendum
(ad —) 47, 19.
longe 11, 3. 35, 8. 74, 3. 91,
18. 108, 10, 20. 114,17. 130,
18. 153, 14. uide de.

-i 149, 8. -0

211

longior 7, 19. 69, 19. 143, 5.
-e 66, 7. 94, 6. -ibus 10, 15.
164, 17.
longissime 108, 15. 109, 24.
110, 6.

longissimas 141, 16. -is 60,15,
20. -os 117, 5.

longitudo 57, 3. ·1nis 82, 23.

longius 60, 6. 78, 1. (ne aqua
sit—) 82, 15. 100, 12. 101, 6.
107, 12. 118, 9. 143, 15. 146,
15. 148, 19. 150, 16.

longus 83, 10. 98, 21. -a 12, 1.
138, 2. 164, 10. -5 106, 7.
135, 2. -ae 12, 19. 29, 19.
-am 45, 1. -o (— tempore)
20, 4 et 88, 15. 91, 16. 94, 18.
163, 12. -um (- est si) 29,16.
91, 13. 159, 8.

in longum 87, 14. 97, 17. 100,
6. 149, 15.

lorica 22, 19. -ae (pl.) 60, 1.
-am 24, 6. -as 48, 8. 50, 14.
81, 1. 87, 4. 101, 6. [-is 19,
loricarias 45, 10.

loricatus 48, 3. -i 60, 9. 101, 5.
162, 11. -is 102, 20. -os 39,
14. [46, 18.] 49, 12.

loriculam 148, 12. [3 148,13.]

loris 81, 3.

Lucania 116, 18. 117, 2.

lucernas 141, 6.

lucidus 160, 4.

lucrum 152, 7.

luctuosa 136, 13.

ludentes 58, 8.

luna 152, 11. —ae 160, 1. 161,
11. 164, 1.

lupos 60, 20. -um 144, 20.

lusoriarum 34, 14. -is 165, 8.
(sagittis ——) 18, 10.

luto 93, 5. 141, 8.
lux 158, 3. lucem 68, 1.
luxum (per --) 54, 6.

14*

