222

oportunitas 120, 6. 147, 12. ex
-ate 163, 17.
oppidani 140, 12. 146, 3. ,148,
6. -is 137, 1. 145, 16.
146, 10.
opponenda 118, 16. —oni 71, 10.
optabile 72, 13.
optare 72, 6. 87, 7. -at 65, 10.
-uit 129, 3.
optata 163, 16. —08 156, 9.
optimates 87, 20.
optime 117, 14.
optimus 88, 16. -a 101, 21. 109,
17. -um 106, 9. [-a.m 123, 1.]
-i 97, 9, 13. -is 107, 15. -0
79, 15.
optiones 41, 4.
opus 26, 22. 27, 4. 34, 3, 41,
10. 52,16. 56, 4, 12. 84, 6.
131, 15. 139,10. 148,12. -eris
64, 14. 129, 10. -eri 10,13.
12, 9. 145, 22. -ere 10,18. 35,
1. (tumultuario) 80, 23 et 83,
12 et 145, 21. 92, 7. 93, 5.
128,15. 130, 5. 162, 3. -era
60, 21. 89, 17. 148, 8. -eribus
44, 6. 134, 10. opus est (cum
ace. cum infin.) 18, 16.
opusculo 5, 1. 13, 4.
orbis 129, 10. 160, 2, 4. -1 129,
4. -em (— terrarum) 5, 14 et
52, 12. 147, 8. in — 55, 10,
15. 83, 18. 92, 16. -es 28, 4.
ordinand5 43, 2. 78, 4. -anda
89, 6. -andus 131, 9. -antem
104, 2. -antur 27, 2. 40, 2. 80,
15. 83, 6. 97, 1, 19. -are 79,
20. 99,18. -ari39, 16. 48, 18.
100, 9, 12. 101, 2. 104, 1. 118,
11. -entur 97,13. 111, 4. -es
96, 4. 110,13. 111,1. -auerint
109, 19. -aueris 100, 5. 107, 8.
108, 21. -auerunt 117, 12.
—aturus 96, 20. -atus 37, 19.
-atae 55, 8. -2616 132, 10.
-atum 102, 10.

Index uerborum.

ordinarii 40, 29. [49, 3.] -is 41,
1. 43, 5.

ordinatio 28, 3. 105, 10. -onis
99, 14. -0nem 38, 5. 51, 10.
-0ne 35, 5. 40, 17. 43,16. 56,
21. 97, 9. 130, 10. 164, 2.
ordo 6, 9. 27, 23. 59, 15. 69, 4.
98,12. 99, 6. 105, 11. -inis
43, 21. -inem (in —) 13, 11,
15. 27, 18. (per -) 83, 8. 97,
18 bis. 98,12. (in -) 138, 7 et
129, 13. -e 65, 17. 97,12. 99,
5. -es 9, 8. 27, 11. 40, 24. 46,
10. 57, 11. 94,16. 97, 5. 98,
3. 105, 8. 106, 2. 153, 11.
-um 153, 16. -ibus 97‚21. 98,
11. 99, 11.

orientali 155, 5.

Oriente 116, 19. -em 150, 22.
orientem 26, 2.

oritur 155, 6. 157, 8. orta
113, 1.

ortu 160, 5. -um 157, 2, 3. -fis
pl. 158, 13.

ossibus 16, 13.

οε66110611ᾰι16 95, 14. —ere 5, 7.
-issent 17, 10. -it (pl.) 18, 19.
(pr.) 160, 2.

ostentatione 76, 2.

otiose 71, 6.

otiosus 132, 12.

otium 72, 6. -i 30, 1. -ο 30, 6.
56, 19. [122, 7.] 148, 5.

P

pabula. 66, 11. 69, 12. 80, 9.
84, 17. 132, 4. -1 25, 15. 70,
14. 91, 17. -o 69, 4.

pabulatio 69, 7. 82, 15. 85, 15.

pacato 150, 7. ‹

Pachnitae V. L. 157, 2.

Pachone 157, 2.

pacto (quo —) 137, 7.

paene 13, 2. 37, 3. 95,17. 101,
11. 114, 12. 160, 13.

paganus 59, 8.

